3 0.6117788461538461 0.2932692307692308 0.2926682692307692 0.2932692307692308
3 0.34134615384615385 0.12620192307692307 0.17427884615384615 0.25240384615384615
3 0.5456730769230769 0.17668269230769232 0.16826923076923078 0.29146634615384615
3 0.22956730769230768 0.26322115384615385 0.21995192307692307 0.2205528846153846
3 0.40625 0.36658653846153844 0.20612980769230768 0.3269230769230769
3 0.23557692307692307 0.5348557692307693 0.19110576923076922 0.34314903846153844
3 0.45552884615384615 0.5252403846153846 0.1875 0.3389423076923077
3 0.2980769230769231 0.7271634615384616 0.12439903846153846 0.17127403846153846
3 0.7716346153846154 0.36658653846153844 0.1484375 0.29146634615384615
3 0.7055288461538461 0.5733173076923077 0.19471153846153846 0.38221153846153844
3 0.5492788461538461 0.5757211538461539 0.13221153846153846 0.2770432692307692
3 0.40024038461538464 0.7848557692307693 0.17487980769230768 0.2860576923076923
3 0.5817307692307693 0.7944711538461539 0.1935096153846154 0.27163461538461536
3 0.7896634615384616 0.6850961538461539 0.2439903846153846 0.2439903846153846