3 0.6117788461538461 0.2932692307692308 0.20973557692307693 0.3762019230769231
3 0.34134615384615385 0.12620192307692307 0.17427884615384615 0.25240384615384615
3 0.5456730769230769 0.17668269230769232 0.22956730769230768 0.23016826923076922
3 0.22956730769230768 0.26322115384615385 0.1778846153846154 0.2626201923076923
3 0.40625 0.36658653846153844 0.26622596153846156 0.2668269230769231
3 0.23557692307692307 0.5348557692307693 0.2668269230769231 0.26742788461538464
3 0.45552884615384615 0.5252403846153846 0.1875 0.3389423076923077
3 0.2980769230769231 0.7271634615384616 0.14723557692307693 0.1484375
3 0.7716346153846154 0.36658653846153844 0.1484375 0.29146634615384615
3 0.7055288461538461 0.5733173076923077 0.28846153846153844 0.28846153846153844
3 0.5492788461538461 0.5757211538461539 0.20432692307692307 0.2049278846153846
3 0.40024038461538464 0.7848557692307693 0.23016826923076922 0.23076923076923078
3 0.5817307692307693 0.7944711538461539 0.23317307692307693 0.23197115384615385
3 0.7896634615384616 0.6850961538461539 0.2439903846153846 0.2439903846153846