3 0.39903846153846156 0.390625 0.21394230769230768 0.21574519230769232
3 0.5180288461538461 0.5420673076923077 0.21153846153846154 0.18449519230769232
3 0.24759615384615385 0.3762019230769231 0.13701923076923078 0.13641826923076922
3 0.3581730769230769 0.59375 0.15324519230769232 0.0907451923076923
3 0.4110576923076923 0.29927884615384615 0.15084134615384615 0.1502403846153846
3 0.6298076923076923 0.5853365384615384 0.0625 0.06310096153846154
3 0.5949519230769231 0.39783653846153844 0.20372596153846154 0.20012019230769232
3 0.6814903846153846 0.49399038461538464 0.13641826923076922 0.13641826923076922
3 0.24759615384615385 0.5324519230769231 0.19891826923076922 0.19831730769230768
3 0.12740384615384615 0.44591346153846156 0.11959134615384616 0.11358173076923077
3 0.1502403846153846 0.5228365384615384 0.15865384615384615 0.1580528846153846