3 0.22235576923076922 0.3894230769230769 0.1814903846153846 0.18269230769230768
3 0.4423076923076923 0.3485576923076923 0.22956730769230768 0.10036057692307693
3 0.6502403846153846 0.3449519230769231 0.19230769230769232 0.08954326923076923
3 0.7992788461538461 0.43149038461538464 0.18329326923076922 0.18389423076923078
3 0.5901442307692307 0.42908653846153844 0.21153846153846154 0.13221153846153846
3 0.3942307692307692 0.4519230769230769 0.24519230769230768 0.1346153846153846
3 0.15985576923076922 0.5204326923076923 0.3094951923076923 0.14903846153846154
3 0.6887019230769231 0.5288461538461539 0.20552884615384615 0.20552884615384615
3 0.9014423076923077 0.5637019230769231 0.1971153846153846 0.1466346153846154
3 0.5 0.6069711538461539 0.24158653846153846 0.24098557692307693
3 0.0889423076923077 0.6165865384615384 0.1778846153846154 0.14182692307692307
3 0.2091346153846154 0.6935096153846154 0.2578125 0.25721153846153844
3 0.8100961538461539 0.6778846153846154 0.2980769230769231 0.1875
3 0.5805288461538461 0.7415865384615384 0.2091346153846154 0.2091346153846154