3 0.7524038461538461 0.6117788461538461 0.2824519230769231 0.15625
3 0.6478365384615384 0.5048076923076923 0.23858173076923078 0.1015625
3 0.4230769230769231 0.4723557692307692 0.24879807692307693 0.14603365384615385
3 0.5973557692307693 0.6935096153846154 0.15564903846153846 0.15504807692307693
3 0.5552884615384616 0.6009615384615384 0.17307692307692307 0.10096153846153846
3 0.40865384615384615 0.6201923076923077 0.17127403846153846 0.16947115384615385
3 0.3858173076923077 0.6923076923076923 0.16165865384615385 0.16346153846153846
3 0.12259615384615384 0.6538461538461539 0.24519230769230768 0.11538461538461539
3 0.203125 0.5733173076923077 0.25180288461538464 0.12800480769230768
3 0.11057692307692307 0.5096153846153846 0.15144230769230768 0.15204326923076922
3 0.054086538461538464 0.5913461538461539 0.10817307692307693 0.10576923076923077