3 0.33413461538461536 0.37740384615384615 0.13521634615384615 0.0907451923076923
3 0.46274038461538464 0.3581730769230769 0.1141826923076923 0.1141826923076923
3 0.6045673076923077 0.36899038461538464 0.14122596153846154 0.08834134615384616
3 0.7223557692307693 0.4098557692307692 0.11899038461538461 0.11838942307692307
3 0.8100961538461539 0.47596153846153844 0.11658653846153846 0.1171875
3 0.6790865384615384 0.5 0.1219951923076923 0.12139423076923077
3 0.5600961538461539 0.453125 0.12079326923076923 0.1219951923076923
3 0.4182692307692308 0.44591346153846156 0.1484375 0.09375
3 0.2403846153846154 0.44591346153846156 0.1346153846153846 0.08954326923076923
3 0.34134615384615385 0.5168269230769231 0.14543269230769232 0.09254807692307693
3 0.47115384615384615 0.5492788461538461 0.14903846153846154 0.09435096153846154
3 0.15144230769230768 0.5192307692307693 0.12620192307692307 0.1268028846153846
3 0.8617788461538461 0.5612980769230769 0.11358173076923077 0.11298076923076923
3 0.7391826923076923 0.5889423076923077 0.1424278846153846 0.10096153846153846
3 0.5973557692307693 0.59375 0.14423076923076922 0.10216346153846154
3 0.24278846153846154 0.5853365384615384 0.11538461538461539 0.11658653846153846
3 0.14182692307692307 0.6334134615384616 0.1201923076923077 0.12139423076923077
3 0.36658653846153844 0.6189903846153846 0.11838942307692307 0.1171875
3 0.4987980769230769 0.6538461538461539 0.13641826923076922 0.10036057692307693
3 0.8545673076923077 0.6490384615384616 0.15084134615384615 0.0907451923076923
3 0.6887019230769231 0.6838942307692307 0.13040865384615385 0.12980769230769232
3 0.8112980769230769 0.7271634615384616 0.15144230769230768 0.10276442307692307
3 0.18389423076923078 0.7127403846153846 0.1123798076923077 0.11358173076923077
3 0.3161057692307692 0.7007211538461539 0.11778846153846154 0.1171875
3 0.4375 0.7475961538461539 0.125 0.125
3 0.5829326923076923 0.7415865384615384 0.12379807692307693 0.12439903846153846
3 0.7175480769230769 0.7920673076923077 0.14423076923076922 0.0985576923076923
3 0.5841346153846154 0.8353365384615384 0.11658653846153846 0.1171875
3 0.44350961538461536 0.8389423076923077 0.13221153846153846 0.08233173076923077
3 0.29927884615384615 0.7980769230769231 0.13701923076923078 0.08653846153846154