3 0.2668269230769231 0.5540865384615384 0.12560096153846154 0.1268028846153846
3 0.37740384615384615 0.4639423076923077 0.1310096153846154 0.061899038461538464
3 0.41466346153846156 0.5396634615384616 0.16105769230769232 0.16346153846153846
3 0.29927884615384615 0.6322115384615384 0.16105769230769232 0.16045673076923078
3 0.38461538461538464 0.6730769230769231 0.10697115384615384 0.10576923076923077
3 0.5324519230769231 0.4699519230769231 0.13341346153846154 0.13341346153846154
3 0.46033653846153844 0.5721153846153846 0.14603365384615385 0.13040865384615385
3 0.546875 0.6225961538461539 0.1875 0.1484375
3 0.609375 0.5420673076923077 0.15865384615384615 0.15384615384615385
3 0.6875 0.5072115384615384 0.10036057692307693 0.0907451923076923
3 0.7067307692307693 0.640625 0.15384615384615385 0.16045673076923078
3 0.7716346153846154 0.5961538461538461 0.14963942307692307 0.1484375