3 0.375 0.41346153846153844 0.13701923076923078 0.13701923076923078
3 0.49278846153846156 0.33413461538461536 0.14603365384615385 0.14783653846153846
3 0.4266826923076923 0.4543269230769231 0.12800480769230768 0.18269230769230768
3 0.3389423076923077 0.5661057692307693 0.08713942307692307 0.13762019230769232
3 0.5673076923076923 0.4326923076923077 0.14483173076923078 0.1875
3 0.5240384615384616 0.5841346153846154 0.16346153846153846 0.1640625
3 0.40625 0.6370192307692307 0.16706730769230768 0.16826923076923078
3 0.53125 0.7139423076923077 0.10516826923076923 0.10516826923076923
3 0.6418269230769231 0.6742788461538461 0.16466346153846154 0.16346153846153846
3 0.6526442307692307 0.5084134615384616 0.1484375 0.14783653846153846
3 0.6490384615384616 0.38341346153846156 0.08173076923076923 0.09375
3 0.7247596153846154 0.5012019230769231 0.11538461538461539 0.15084134615384615