3 0.0985576923076923 0.5036057692307693 0.1971153846153846 0.23317307692307693
3 0.06009615384615385 0.8052884615384616 0.1201923076923077 0.16826923076923078
3 0.3161057692307692 0.5252403846153846 0.29447115384615385 0.29447115384615385
3 0.1778846153846154 0.6778846153846154 0.30288461538461536 0.30408653846153844
3 0.16706730769230768 0.8978365384615384 0.18269230769230768 0.18209134615384615
3 0.5228365384615384 0.48677884615384615 0.2530048076923077 0.27884615384615385
3 0.4675480769230769 0.7079326923076923 0.2578125 0.25721153846153844
3 0.44350961538461536 0.859375 0.26502403846153844 0.265625
3 0.671875 0.5721153846153846 0.10576923076923077 0.10576923076923077
3 0.7247596153846154 0.75 0.2782451923076923 0.27884615384615385
3 0.6466346153846154 0.8918269230769231 0.13581730769230768 0.13701923076923078