3 0.08052884615384616 0.5036057692307693 0.16105769230769232 0.30528846153846156
3 0.037259615384615384 0.8064903846153846 0.07451923076923077 0.2620192307692308
3 0.3161057692307692 0.5252403846153846 0.29447115384615385 0.29447115384615385
3 0.1778846153846154 0.6778846153846154 0.27884615384615385 0.328125
3 0.16706730769230768 0.8978365384615384 0.18269230769230768 0.18209134615384615
3 0.5228365384615384 0.48677884615384615 0.26622596153846156 0.265625
3 0.4675480769230769 0.7079326923076923 0.28665865384615385 0.2283653846153846
3 0.44350961538461536 0.859375 0.2854567307692308 0.24519230769230768
3 0.671875 0.5721153846153846 0.10576923076923077 0.10576923076923077
3 0.7247596153846154 0.75 0.2782451923076923 0.27884615384615385
3 0.6466346153846154 0.8918269230769231 0.13581730769230768 0.13701923076923078