3 0.42908653846153844 0.24639423076923078 0.1814903846153846 0.18088942307692307
3 0.6009615384615384 0.24639423076923078 0.1640625 0.19951923076923078
3 0.765625 0.31971153846153844 0.19050480769230768 0.19230769230769232
3 0.2620192307692308 0.3112980769230769 0.16947115384615385 0.21394230769230768
3 0.546875 0.3473557692307692 0.1640625 0.1640625
3 0.17668269230769232 0.4230769230769231 0.18028846153846154 0.2013221153846154
3 0.3858173076923077 0.375 0.17487980769230768 0.14483173076923078
3 0.6706730769230769 0.42908653846153844 0.16766826923076922 0.17608173076923078
3 0.3401442307692308 0.4891826923076923 0.16706730769230768 0.16706730769230768
3 0.5036057692307693 0.45913461538461536 0.1778846153846154 0.15865384615384615
3 0.8389423076923077 0.42427884615384615 0.16887019230769232 0.18509615384615385
3 0.21394230769230768 0.5769230769230769 0.19591346153846154 0.2361778846153846
3 0.4699519230769231 0.5733173076923077 0.19951923076923078 0.19951923076923078
3 0.6454326923076923 0.5336538461538461 0.1893028846153846 0.18870192307692307
3 0.8064903846153846 0.5564903846153846 0.1658653846153846 0.21935096153846154
3 0.7103365384615384 0.65625 0.18449519230769232 0.234375
3 0.5324519230769231 0.6875 0.203125 0.203125
3 0.34134615384615385 0.6682692307692307 0.1893028846153846 0.19050480769230768